###########################################################################
# Doublet VLL pair-production cross sections at 13.6 TeV LHC              #
###########################################################################
# Computed at next-to-leading order in QCD using MadGraph5_aMC@NLO v3.6.4 #
# with default settings:                                                  #
#  - Parton distribution functions: NNPDF2.3 set (pdlabel=nn23nlo)        #
#  - Renormalization and factorization scales: dynamic                    #
#       (fixed_ren_scale=False, fixed_fac_scale=False)                    #
###########################################################################
# Mass [GeV]    taup taup [pb]  taup nup [pb]   nup nup [pb]              #
###########################################################################
1.000000e+02	3.066000e+00	1.147000e+01	3.395000e+00
1.050000e+02	2.584000e+00	9.575000e+00	2.817000e+00
1.100000e+02	2.197000e+00	8.086000e+00	2.362000e+00
1.150000e+02	1.881000e+00	6.887000e+00	1.999000e+00
1.200000e+02	1.623000e+00	5.904000e+00	1.708000e+00
1.250000e+02	1.405000e+00	5.099000e+00	1.468000e+00
1.300000e+02	1.225000e+00	4.425000e+00	1.269000e+00
1.350000e+02	1.073000e+00	3.865000e+00	1.103000e+00
1.400000e+02	9.463000e-01	3.393000e+00	9.660000e-01
1.450000e+02	8.363000e-01	2.994000e+00	8.486000e-01
1.500000e+02	7.409000e-01	2.645000e+00	7.479000e-01
1.550000e+02	6.599000e-01	2.353000e+00	6.641000e-01
1.600000e+02	5.895000e-01	2.100000e+00	5.907000e-01
1.650000e+02	5.287000e-01	1.881000e+00	5.280000e-01
1.700000e+02	4.747000e-01	1.687000e+00	4.726000e-01
1.750000e+02	4.291000e-01	1.521000e+00	4.251000e-01
1.800000e+02	3.874000e-01	1.371000e+00	3.827000e-01
1.850000e+02	3.508000e-01	1.241000e+00	3.452000e-01
1.900000e+02	3.187000e-01	1.125000e+00	3.122000e-01
1.950000e+02	2.903000e-01	1.023000e+00	2.836000e-01
2.000000e+02	2.646000e-01	9.332000e-01	2.585000e-01
2.050000e+02	2.421000e-01	8.520000e-01	2.360000e-01
2.100000e+02	2.218000e-01	7.819000e-01	2.156000e-01
2.150000e+02	2.033000e-01	7.161000e-01	1.970000e-01
2.200000e+02	1.869000e-01	6.569000e-01	1.808000e-01
2.250000e+02	1.724000e-01	6.052000e-01	1.662000e-01
2.300000e+02	1.587000e-01	5.575000e-01	1.528000e-01
2.350000e+02	1.464000e-01	5.141000e-01	1.410000e-01
2.400000e+02	1.354000e-01	4.752000e-01	1.300000e-01
2.450000e+02	1.253000e-01	4.397000e-01	1.202000e-01
2.500000e+02	1.162000e-01	4.079000e-01	1.111000e-01
2.550000e+02	1.079000e-01	3.786000e-01	1.031000e-01
2.600000e+02	1.003000e-01	3.518000e-01	9.564000e-02
2.650000e+02	9.324000e-02	3.271000e-01	8.884000e-02
2.700000e+02	8.696000e-02	3.048000e-01	8.268000e-02
2.750000e+02	8.105000e-02	2.843000e-01	7.694000e-02
2.800000e+02	7.561000e-02	2.658000e-01	7.178000e-02
2.850000e+02	7.061000e-02	2.484000e-01	6.697000e-02
2.900000e+02	6.604000e-02	2.319000e-01	6.256000e-02
2.950000e+02	6.180000e-02	2.175000e-01	5.843000e-02
3.000000e+02	5.794000e-02	2.038000e-01	5.482000e-02
3.050000e+02	5.433000e-02	1.909000e-01	5.131000e-02
3.100000e+02	5.099000e-02	1.791000e-01	4.812000e-02
3.150000e+02	4.793000e-02	1.681000e-01	4.512000e-02
3.200000e+02	4.501000e-02	1.581000e-01	4.238000e-02
3.250000e+02	4.236000e-02	1.487000e-01	3.983000e-02
3.300000e+02	3.986000e-02	1.398000e-01	3.752000e-02
3.350000e+02	3.753000e-02	1.319000e-01	3.526000e-02
3.400000e+02	3.534000e-02	1.244000e-01	3.317000e-02
3.450000e+02	3.337000e-02	1.173000e-01	3.128000e-02
3.500000e+02	3.149000e-02	1.109000e-01	2.950000e-02
3.550000e+02	2.975000e-02	1.046000e-01	2.785000e-02
3.600000e+02	2.810000e-02	9.896000e-02	2.631000e-02
3.650000e+02	2.658000e-02	9.351000e-02	2.487000e-02
3.700000e+02	2.515000e-02	8.854000e-02	2.348000e-02
3.750000e+02	2.379000e-02	8.380000e-02	2.219000e-02
3.800000e+02	2.253000e-02	7.938000e-02	2.102000e-02
3.850000e+02	2.136000e-02	7.524000e-02	1.989000e-02
3.900000e+02	2.026000e-02	7.135000e-02	1.888000e-02
3.950000e+02	1.923000e-02	6.773000e-02	1.788000e-02
4.000000e+02	1.824000e-02	6.427000e-02	1.696000e-02
4.050000e+02	1.731000e-02	6.105000e-02	1.608000e-02
4.100000e+02	1.645000e-02	5.805000e-02	1.529000e-02
4.150000e+02	1.564000e-02	5.526000e-02	1.451000e-02
4.200000e+02	1.486000e-02	5.255000e-02	1.379000e-02
4.250000e+02	1.414000e-02	4.999000e-02	1.310000e-02
4.300000e+02	1.345000e-02	4.755000e-02	1.247000e-02
4.350000e+02	1.281000e-02	4.526000e-02	1.188000e-02
4.400000e+02	1.220000e-02	4.311000e-02	1.129000e-02
4.450000e+02	1.162000e-02	4.110000e-02	1.076000e-02
4.500000e+02	1.108000e-02	3.922000e-02	1.025000e-02
4.550000e+02	1.057000e-02	3.741000e-02	9.778000e-03
4.600000e+02	1.010000e-02	3.571000e-02	9.350000e-03
4.650000e+02	9.612000e-03	3.414000e-02	8.902000e-03
4.700000e+02	9.189000e-03	3.258000e-02	8.493000e-03
4.750000e+02	8.770000e-03	3.111000e-02	8.097000e-03
4.800000e+02	8.381000e-03	2.974000e-02	7.737000e-03
4.850000e+02	8.007000e-03	2.842000e-02	7.397000e-03
4.900000e+02	7.656000e-03	2.719000e-02	7.066000e-03
4.950000e+02	7.317000e-03	2.598000e-02	6.753000e-03
5.000000e+02	6.994000e-03	2.490000e-02	6.451000e-03
5.050000e+02	6.700000e-03	2.382000e-02	6.166000e-03
5.100000e+02	6.405000e-03	2.277000e-02	5.908000e-03
5.150000e+02	6.139000e-03	2.182000e-02	5.660000e-03
5.200000e+02	5.882000e-03	2.089000e-02	5.421000e-03
5.250000e+02	5.633000e-03	2.004000e-02	5.189000e-03
5.300000e+02	5.398000e-03	1.922000e-02	4.972000e-03
5.350000e+02	5.173000e-03	1.844000e-02	4.767000e-03
5.400000e+02	4.959000e-03	1.767000e-02	4.566000e-03
5.450000e+02	4.755000e-03	1.696000e-02	4.378000e-03
5.500000e+02	4.560000e-03	1.626000e-02	4.193000e-03
5.550000e+02	4.372000e-03	1.560000e-02	4.021000e-03
5.600000e+02	4.195000e-03	1.499000e-02	3.855000e-03
5.650000e+02	4.025000e-03	1.438000e-02	3.700000e-03
5.700000e+02	3.863000e-03	1.381000e-02	3.549000e-03
5.750000e+02	3.713000e-03	1.329000e-02	3.407000e-03
5.800000e+02	3.569000e-03	1.277000e-02	3.275000e-03
5.850000e+02	3.423000e-03	1.226000e-02	3.143000e-03
5.900000e+02	3.291000e-03	1.179000e-02	3.018000e-03
5.950000e+02	3.162000e-03	1.134000e-02	2.898000e-03
6.000000e+02	3.044000e-03	1.091000e-02	2.790000e-03
6.050000e+02	2.925000e-03	1.050000e-02	2.682000e-03
6.100000e+02	2.815000e-03	1.009000e-02	2.577000e-03
6.150000e+02	2.706000e-03	9.708000e-03	2.479000e-03
6.200000e+02	2.605000e-03	9.343000e-03	2.385000e-03
6.250000e+02	2.508000e-03	8.996000e-03	2.296000e-03
6.300000e+02	2.413000e-03	8.673000e-03	2.208000e-03
6.350000e+02	2.325000e-03	8.349000e-03	2.124000e-03
6.400000e+02	2.238000e-03	8.038000e-03	2.047000e-03
6.450000e+02	2.153000e-03	7.750000e-03	1.967000e-03
6.500000e+02	2.076000e-03	7.462000e-03	1.896000e-03
6.550000e+02	2.001000e-03	7.197000e-03	1.828000e-03
6.600000e+02	1.927000e-03	6.935000e-03	1.760000e-03
6.650000e+02	1.856000e-03	6.684000e-03	1.694000e-03
6.700000e+02	1.791000e-03	6.445000e-03	1.632000e-03
6.750000e+02	1.727000e-03	6.217000e-03	1.575000e-03
6.800000e+02	1.663000e-03	5.990000e-03	1.517000e-03
6.850000e+02	1.605000e-03	5.781000e-03	1.462000e-03
6.900000e+02	1.548000e-03	5.574000e-03	1.410000e-03
6.950000e+02	1.492000e-03	5.382000e-03	1.359000e-03
7.000000e+02	1.440000e-03	5.199000e-03	1.312000e-03
7.050000e+02	1.390000e-03	5.012000e-03	1.265000e-03
7.100000e+02	1.342000e-03	4.840000e-03	1.221000e-03
7.150000e+02	1.296000e-03	4.683000e-03	1.179000e-03
7.200000e+02	1.250000e-03	4.522000e-03	1.137000e-03
7.250000e+02	1.208000e-03	4.366000e-03	1.098000e-03
7.300000e+02	1.165000e-03	4.221000e-03	1.059000e-03
7.350000e+02	1.125000e-03	4.073000e-03	1.023000e-03
7.400000e+02	1.088000e-03	3.934000e-03	9.882000e-04
7.450000e+02	1.051000e-03	3.807000e-03	9.541000e-04
7.500000e+02	1.016000e-03	3.676000e-03	9.219000e-04
7.550000e+02	9.815000e-04	3.557000e-03	8.903000e-04
7.600000e+02	9.484000e-04	3.437000e-03	8.602000e-04
7.650000e+02	9.175000e-04	3.329000e-03	8.325000e-04
7.700000e+02	8.878000e-04	3.218000e-03	8.052000e-04
7.750000e+02	8.578000e-04	3.111000e-03	7.775000e-04
7.800000e+02	8.302000e-04	3.007000e-03	7.521000e-04
7.850000e+02	8.019000e-04	2.910000e-03	7.261000e-04
7.900000e+02	7.763000e-04	2.815000e-03	7.027000e-04
7.950000e+02	7.504000e-04	2.721000e-03	6.789000e-04
8.000000e+02	7.263000e-04	2.637000e-03	6.569000e-04
8.050000e+02	7.031000e-04	2.551000e-03	6.357000e-04
8.100000e+02	6.804000e-04	2.472000e-03	6.148000e-04
8.150000e+02	6.586000e-04	2.391000e-03	5.951000e-04
8.200000e+02	6.368000e-04	2.315000e-03	5.749000e-04
8.250000e+02	6.160000e-04	2.238000e-03	5.565000e-04
8.300000e+02	5.970000e-04	2.167000e-03	5.386000e-04
8.350000e+02	5.781000e-04	2.100000e-03	5.218000e-04
8.400000e+02	5.593000e-04	2.035000e-03	5.047000e-04
8.450000e+02	5.418000e-04	1.970000e-03	4.894000e-04
8.500000e+02	5.246000e-04	1.906000e-03	4.731000e-04
8.550000e+02	5.079000e-04	1.849000e-03	4.580000e-04
8.600000e+02	4.920000e-04	1.792000e-03	4.434000e-04
8.650000e+02	4.764000e-04	1.734000e-03	4.294000e-04
8.700000e+02	4.613000e-04	1.680000e-03	4.160000e-04
8.750000e+02	4.473000e-04	1.629000e-03	4.030000e-04
8.800000e+02	4.335000e-04	1.580000e-03	3.902000e-04
8.850000e+02	4.201000e-04	1.531000e-03	3.785000e-04
8.900000e+02	4.074000e-04	1.485000e-03	3.670000e-04
8.950000e+02	3.948000e-04	1.439000e-03	3.554000e-04
9.000000e+02	3.823000e-04	1.395000e-03	3.447000e-04
9.050000e+02	3.707000e-04	1.352000e-03	3.336000e-04
9.100000e+02	3.592000e-04	1.311000e-03	3.232000e-04
9.150000e+02	3.484000e-04	1.272000e-03	3.134000e-04
9.200000e+02	3.378000e-04	1.235000e-03	3.036000e-04
9.250000e+02	3.276000e-04	1.196000e-03	2.946000e-04
9.300000e+02	3.179000e-04	1.159000e-03	2.858000e-04
9.350000e+02	3.086000e-04	1.128000e-03	2.773000e-04
9.400000e+02	2.990000e-04	1.094000e-03	2.688000e-04
9.450000e+02	2.900000e-04	1.062000e-03	2.607000e-04
9.500000e+02	2.814000e-04	1.029000e-03	2.526000e-04
9.550000e+02	2.731000e-04	9.986000e-04	2.451000e-04
9.600000e+02	2.653000e-04	9.700000e-04	2.377000e-04
9.650000e+02	2.571000e-04	9.416000e-04	2.306000e-04
9.700000e+02	2.497000e-04	9.109000e-04	2.237000e-04
9.750000e+02	2.426000e-04	8.862000e-04	2.174000e-04
9.800000e+02	2.354000e-04	8.598000e-04	2.107000e-04
9.850000e+02	2.285000e-04	8.352000e-04	2.044000e-04
9.900000e+02	2.217000e-04	8.117000e-04	1.984000e-04
9.950000e+02	2.153000e-04	7.883000e-04	1.926000e-04
1.000000e+03	2.090000e-04	7.646000e-04	1.869000e-04
1.005000e+03	2.028000e-04	7.416000e-04	1.813000e-04
1.010000e+03	1.970000e-04	7.199000e-04	1.759000e-04
1.015000e+03	1.914000e-04	6.991000e-04	1.709000e-04
1.020000e+03	1.859000e-04	6.792000e-04	1.659000e-04
1.025000e+03	1.807000e-04	6.592000e-04	1.611000e-04
1.030000e+03	1.757000e-04	6.407000e-04	1.568000e-04
1.035000e+03	1.705000e-04	6.219000e-04	1.522000e-04
1.040000e+03	1.656000e-04	6.052000e-04	1.477000e-04
1.045000e+03	1.608000e-04	5.874000e-04	1.434000e-04
1.050000e+03	1.563000e-04	5.706000e-04	1.393000e-04
1.055000e+03	1.517000e-04	5.537000e-04	1.353000e-04
1.060000e+03	1.476000e-04	5.385000e-04	1.314000e-04
1.065000e+03	1.432000e-04	5.234000e-04	1.276000e-04
1.070000e+03	1.392000e-04	5.081000e-04	1.238000e-04
1.075000e+03	1.354000e-04	4.939000e-04	1.205000e-04
1.080000e+03	1.317000e-04	4.796000e-04	1.171000e-04
1.085000e+03	1.280000e-04	4.663000e-04	1.138000e-04
1.090000e+03	1.245000e-04	4.529000e-04	1.107000e-04
1.095000e+03	1.209000e-04	4.398000e-04	1.075000e-04
1.100000e+03	1.176000e-04	4.279000e-04	1.045000e-04
1.105000e+03	1.143000e-04	4.157000e-04	1.016000e-04
1.110000e+03	1.112000e-04	4.036000e-04	9.880000e-05
1.115000e+03	1.081000e-04	3.929000e-04	9.593000e-05
1.120000e+03	1.050000e-04	3.813000e-04	9.311000e-05
1.125000e+03	1.021000e-04	3.708000e-04	9.053000e-05
1.130000e+03	9.928000e-05	3.608000e-04	8.791000e-05
1.135000e+03	9.663000e-05	3.511000e-04	8.552000e-05
1.140000e+03	9.403000e-05	3.413000e-04	8.324000e-05
1.145000e+03	9.141000e-05	3.322000e-04	8.088000e-05
1.150000e+03	8.896000e-05	3.224000e-04	7.873000e-05
1.155000e+03	8.651000e-05	3.134000e-04	7.654000e-05
1.160000e+03	8.416000e-05	3.046000e-04	7.438000e-05
1.165000e+03	8.179000e-05	2.965000e-04	7.221000e-05
1.170000e+03	7.964000e-05	2.887000e-04	7.027000e-05
1.175000e+03	7.746000e-05	2.809000e-04	6.834000e-05
1.180000e+03	7.556000e-05	2.726000e-04	6.666000e-05
1.185000e+03	7.351000e-05	2.656000e-04	6.484000e-05
1.190000e+03	7.148000e-05	2.583000e-04	6.297000e-05
1.195000e+03	6.956000e-05	2.507000e-04	6.127000e-05
1.200000e+03	6.769000e-05	2.439000e-04	5.962000e-05
1.205000e+03	6.586000e-05	2.373000e-04	5.799000e-05
1.210000e+03	6.409000e-05	2.312000e-04	5.642000e-05
1.215000e+03	6.235000e-05	2.248000e-04	5.494000e-05
1.220000e+03	6.072000e-05	2.189000e-04	5.346000e-05
1.225000e+03	5.913000e-05	2.127000e-04	5.203000e-05
1.230000e+03	5.756000e-05	2.069000e-04	5.060000e-05
1.235000e+03	5.601000e-05	2.014000e-04	4.921000e-05
1.240000e+03	5.454000e-05	1.962000e-04	4.789000e-05
1.245000e+03	5.309000e-05	1.908000e-04	4.663000e-05
1.250000e+03	5.172000e-05	1.858000e-04	4.534000e-05
1.255000e+03	5.030000e-05	1.808000e-04	4.412000e-05
1.260000e+03	4.902000e-05	1.762000e-04	4.296000e-05
1.265000e+03	4.775000e-05	1.714000e-04	4.184000e-05
1.270000e+03	4.653000e-05	1.668000e-04	4.074000e-05
1.275000e+03	4.530000e-05	1.623000e-04	3.963000e-05
1.280000e+03	4.408000e-05	1.581000e-04	3.859000e-05
1.285000e+03	4.294000e-05	1.541000e-04	3.755000e-05
1.290000e+03	4.183000e-05	1.497000e-04	3.655000e-05
1.295000e+03	4.075000e-05	1.459000e-04	3.562000e-05
1.300000e+03	3.964000e-05	1.419000e-04	3.466000e-05
1.305000e+03	3.864000e-05	1.382000e-04	3.379000e-05
1.310000e+03	3.765000e-05	1.343000e-04	3.287000e-05
1.315000e+03	3.668000e-05	1.309000e-04	3.200000e-05
1.320000e+03	3.576000e-05	1.274000e-04	3.115000e-05
1.325000e+03	3.485000e-05	1.241000e-04	3.038000e-05
1.330000e+03	3.394000e-05	1.208000e-04	2.958000e-05
1.335000e+03	3.306000e-05	1.177000e-04	2.880000e-05
1.340000e+03	3.220000e-05	1.144000e-04	2.802000e-05
1.345000e+03	3.141000e-05	1.114000e-04	2.731000e-05
1.350000e+03	3.059000e-05	1.087000e-04	2.659000e-05
1.355000e+03	2.979000e-05	1.059000e-04	2.590000e-05
1.360000e+03	2.899000e-05	1.031000e-04	2.520000e-05
1.365000e+03	2.831000e-05	1.004000e-04	2.458000e-05
1.370000e+03	2.756000e-05	9.772000e-05	2.392000e-05
1.375000e+03	2.687000e-05	9.515000e-05	2.332000e-05
1.380000e+03	2.615000e-05	9.257000e-05	2.268000e-05
1.385000e+03	2.549000e-05	9.020000e-05	2.210000e-05
1.390000e+03	2.486000e-05	8.794000e-05	2.155000e-05
1.395000e+03	2.422000e-05	8.544000e-05	2.099000e-05
1.400000e+03	2.363000e-05	8.339000e-05	2.047000e-05
1.405000e+03	2.300000e-05	8.120000e-05	1.993000e-05
1.410000e+03	2.243000e-05	7.905000e-05	1.942000e-05
1.415000e+03	2.185000e-05	7.701000e-05	1.891000e-05
1.420000e+03	2.133000e-05	7.505000e-05	1.845000e-05
1.425000e+03	2.079000e-05	7.306000e-05	1.798000e-05
1.430000e+03	2.026000e-05	7.112000e-05	1.750000e-05
1.435000e+03	1.974000e-05	6.935000e-05	1.705000e-05
1.440000e+03	1.927000e-05	6.766000e-05	1.663000e-05
1.445000e+03	1.880000e-05	6.576000e-05	1.623000e-05
1.450000e+03	1.832000e-05	6.399000e-05	1.581000e-05
1.455000e+03	1.785000e-05	6.241000e-05	1.541000e-05
1.460000e+03	1.743000e-05	6.084000e-05	1.504000e-05
1.465000e+03	1.697000e-05	5.924000e-05	1.463000e-05
1.470000e+03	1.656000e-05	5.770000e-05	1.427000e-05
1.475000e+03	1.616000e-05	5.615000e-05	1.391000e-05
1.480000e+03	1.573000e-05	5.478000e-05	1.353000e-05
1.485000e+03	1.536000e-05	5.335000e-05	1.320000e-05
1.490000e+03	1.497000e-05	5.199000e-05	1.286000e-05
1.495000e+03	1.459000e-05	5.062000e-05	1.254000e-05
1.500000e+03	1.424000e-05	4.931000e-05	1.223000e-05
1.505000e+03	1.388000e-05	4.808000e-05	1.192000e-05
1.510000e+03	1.355000e-05	4.681000e-05	1.162000e-05
1.515000e+03	1.323000e-05	4.560000e-05	1.135000e-05
1.520000e+03	1.290000e-05	4.443000e-05	1.105000e-05
1.525000e+03	1.256000e-05	4.325000e-05	1.076000e-05
1.530000e+03	1.224000e-05	4.213000e-05	1.049000e-05
1.535000e+03	1.194000e-05	4.101000e-05	1.022000e-05
1.540000e+03	1.165000e-05	4.000000e-05	9.960000e-06
1.545000e+03	1.138000e-05	3.895000e-05	9.726000e-06
1.550000e+03	1.109000e-05	3.794000e-05	9.477000e-06
1.555000e+03	1.081000e-05	3.698000e-05	9.248000e-06
1.560000e+03	1.054000e-05	3.600000e-05	8.997000e-06
1.565000e+03	1.029000e-05	3.513000e-05	8.776000e-06
1.570000e+03	1.003000e-05	3.426000e-05	8.570000e-06
1.575000e+03	9.796000e-06	3.337000e-05	8.362000e-06
1.580000e+03	9.563000e-06	3.250000e-05	8.156000e-06
1.585000e+03	9.318000e-06	3.164000e-05	7.943000e-06
1.590000e+03	9.096000e-06	3.083000e-05	7.748000e-06
1.595000e+03	8.865000e-06	3.003000e-05	7.544000e-06
1.600000e+03	8.653000e-06	2.926000e-05	7.370000e-06
1.605000e+03	8.433000e-06	2.855000e-05	7.178000e-06
1.610000e+03	8.222000e-06	2.784000e-05	6.995000e-06
1.615000e+03	8.033000e-06	2.711000e-05	6.824000e-06
1.620000e+03	7.825000e-06	2.640000e-05	6.654000e-06
1.625000e+03	7.647000e-06	2.574000e-05	6.493000e-06
1.630000e+03	7.456000e-06	2.512000e-05	6.330000e-06
1.635000e+03	7.265000e-06	2.448000e-05	6.167000e-06
1.640000e+03	7.092000e-06	2.383000e-05	6.016000e-06
1.645000e+03	6.932000e-06	2.321000e-05	5.868000e-06
1.650000e+03	6.757000e-06	2.261000e-05	5.729000e-06
1.655000e+03	6.593000e-06	2.203000e-05	5.584000e-06
1.660000e+03	6.431000e-06	2.150000e-05	5.445000e-06
1.665000e+03	6.272000e-06	2.099000e-05	5.312000e-06
1.670000e+03	6.124000e-06	2.043000e-05	5.180000e-06
1.675000e+03	5.975000e-06	1.990000e-05	5.045000e-06
1.680000e+03	5.828000e-06	1.942000e-05	4.918000e-06
1.685000e+03	5.693000e-06	1.890000e-05	4.804000e-06
1.690000e+03	5.554000e-06	1.844000e-05	4.683000e-06
1.695000e+03	5.420000e-06	1.797000e-05	4.571000e-06
1.700000e+03	5.287000e-06	1.751000e-05	4.457000e-06
1.705000e+03	5.156000e-06	1.709000e-05	4.338000e-06
1.710000e+03	5.034000e-06	1.666000e-05	4.236000e-06
1.715000e+03	4.917000e-06	1.622000e-05	4.135000e-06
1.720000e+03	4.800000e-06	1.581000e-05	4.039000e-06
1.725000e+03	4.683000e-06	1.542000e-05	3.938000e-06
1.730000e+03	4.583000e-06	1.503000e-05	3.846000e-06
1.735000e+03	4.464000e-06	1.466000e-05	3.752000e-06
1.740000e+03	4.356000e-06	1.428000e-05	3.657000e-06
1.745000e+03	4.254000e-06	1.393000e-05	3.570000e-06
1.750000e+03	4.150000e-06	1.358000e-05	3.479000e-06
1.755000e+03	4.051000e-06	1.323000e-05	3.393000e-06
1.760000e+03	3.951000e-06	1.288000e-05	3.310000e-06
1.765000e+03	3.855000e-06	1.257000e-05	3.228000e-06
1.770000e+03	3.763000e-06	1.226000e-05	3.150000e-06
1.775000e+03	3.678000e-06	1.195000e-05	3.077000e-06
1.780000e+03	3.587000e-06	1.165000e-05	2.999000e-06
1.785000e+03	3.500000e-06	1.135000e-05	2.925000e-06
1.790000e+03	3.419000e-06	1.106000e-05	2.857000e-06
1.795000e+03	3.335000e-06	1.079000e-05	2.786000e-06
1.800000e+03	3.256000e-06	1.051000e-05	2.716000e-06
1.805000e+03	3.179000e-06	1.024000e-05	2.654000e-06
1.810000e+03	3.103000e-06	9.989000e-06	2.590000e-06
1.815000e+03	3.028000e-06	9.741000e-06	2.523000e-06
1.820000e+03	2.954000e-06	9.497000e-06	2.462000e-06
1.825000e+03	2.885000e-06	9.253000e-06	2.403000e-06
1.830000e+03	2.821000e-06	9.012000e-06	2.345000e-06
1.835000e+03	2.752000e-06	8.776000e-06	2.289000e-06
1.840000e+03	2.686000e-06	8.574000e-06	2.234000e-06
1.845000e+03	2.620000e-06	8.355000e-06	2.178000e-06
1.850000e+03	2.559000e-06	8.154000e-06	2.128000e-06
1.855000e+03	2.499000e-06	7.935000e-06	2.077000e-06
1.860000e+03	2.442000e-06	7.740000e-06	2.028000e-06
1.865000e+03	2.383000e-06	7.537000e-06	1.979000e-06
1.870000e+03	2.330000e-06	7.346000e-06	1.934000e-06
1.875000e+03	2.275000e-06	7.162000e-06	1.888000e-06
1.880000e+03	2.222000e-06	6.990000e-06	1.844000e-06
1.885000e+03	2.171000e-06	6.820000e-06	1.800000e-06
1.890000e+03	2.118000e-06	6.654000e-06	1.754000e-06
1.895000e+03	2.067000e-06	6.485000e-06	1.711000e-06
1.900000e+03	2.018000e-06	6.315000e-06	1.670000e-06
1.905000e+03	1.973000e-06	6.156000e-06	1.630000e-06
1.910000e+03	1.926000e-06	5.997000e-06	1.593000e-06
1.915000e+03	1.881000e-06	5.853000e-06	1.556000e-06
1.920000e+03	1.837000e-06	5.704000e-06	1.518000e-06
1.925000e+03	1.791000e-06	5.556000e-06	1.479000e-06
1.930000e+03	1.748000e-06	5.421000e-06	1.443000e-06
1.935000e+03	1.707000e-06	5.288000e-06	1.408000e-06
1.940000e+03	1.669000e-06	5.145000e-06	1.376000e-06
1.945000e+03	1.627000e-06	5.022000e-06	1.342000e-06
1.950000e+03	1.588000e-06	4.901000e-06	1.309000e-06
1.955000e+03	1.552000e-06	4.780000e-06	1.278000e-06
1.960000e+03	1.512000e-06	4.658000e-06	1.245000e-06
1.965000e+03	1.479000e-06	4.543000e-06	1.217000e-06
1.970000e+03	1.443000e-06	4.428000e-06	1.186000e-06
1.975000e+03	1.409000e-06	4.312000e-06	1.158000e-06
1.980000e+03	1.374000e-06	4.201000e-06	1.129000e-06
1.985000e+03	1.344000e-06	4.099000e-06	1.104000e-06
1.990000e+03	1.312000e-06	4.000000e-06	1.077000e-06
1.995000e+03	1.279000e-06	3.898000e-06	1.050000e-06
2.000000e+03	1.253000e-06	3.799000e-06	1.028000e-06
