###########################################################################
# Doublet VLL pair-production cross sections at 13 TeV LHC                #
###########################################################################
# Computed at next-to-leading order in QCD using MadGraph5_aMC@NLO v3.6.4 #
# with default settings:                                                  #
#  - Parton distribution functions: NNPDF2.3 set (pdlabel=nn23nlo)        #
#  - Renormalization and factorization scales: dynamic                    #
#       (fixed_ren_scale=False, fixed_fac_scale=False)                    #
###########################################################################
# Mass [GeV]    taup taup [pb]  taup nup [pb]   nup nup [pb]              #
###########################################################################
1.000000e+02	2.891000e+00	1.079000e+01	3.197000e+00
1.050000e+02	2.434000e+00	9.026000e+00	2.648000e+00
1.100000e+02	2.068000e+00	7.616000e+00	2.225000e+00
1.150000e+02	1.772000e+00	6.471000e+00	1.880000e+00
1.200000e+02	1.526000e+00	5.557000e+00	1.605000e+00
1.250000e+02	1.320000e+00	4.792000e+00	1.377000e+00
1.300000e+02	1.151000e+00	4.157000e+00	1.189000e+00
1.350000e+02	1.008000e+00	3.629000e+00	1.036000e+00
1.400000e+02	8.873000e-01	3.188000e+00	9.058000e-01
1.450000e+02	7.829000e-01	2.804000e+00	7.948000e-01
1.500000e+02	6.944000e-01	2.484000e+00	7.003000e-01
1.550000e+02	6.177000e-01	2.207000e+00	6.216000e-01
1.600000e+02	5.512000e-01	1.965000e+00	5.520000e-01
1.650000e+02	4.946000e-01	1.758000e+00	4.927000e-01
1.700000e+02	4.441000e-01	1.580000e+00	4.409000e-01
1.750000e+02	4.000000e-01	1.420000e+00	3.959000e-01
1.800000e+02	3.615000e-01	1.280000e+00	3.564000e-01
1.850000e+02	3.273000e-01	1.158000e+00	3.218000e-01
1.900000e+02	2.972000e-01	1.049000e+00	2.911000e-01
1.950000e+02	2.709000e-01	9.548000e-01	2.645000e-01
2.000000e+02	2.470000e-01	8.714000e-01	2.406000e-01
2.050000e+02	2.256000e-01	7.961000e-01	2.192000e-01
2.100000e+02	2.064000e-01	7.272000e-01	2.003000e-01
2.150000e+02	1.894000e-01	6.666000e-01	1.832000e-01
2.200000e+02	1.738000e-01	6.114000e-01	1.678000e-01
2.250000e+02	1.600000e-01	5.614000e-01	1.544000e-01
2.300000e+02	1.472000e-01	5.175000e-01	1.417000e-01
2.350000e+02	1.358000e-01	4.773000e-01	1.305000e-01
2.400000e+02	1.255000e-01	4.410000e-01	1.203000e-01
2.450000e+02	1.162000e-01	4.087000e-01	1.113000e-01
2.500000e+02	1.076000e-01	3.782000e-01	1.029000e-01
2.550000e+02	9.989000e-02	3.506000e-01	9.527000e-02
2.600000e+02	9.275000e-02	3.258000e-01	8.834000e-02
2.650000e+02	8.622000e-02	3.030000e-01	8.201000e-02
2.700000e+02	8.023000e-02	2.825000e-01	7.625000e-02
2.750000e+02	7.477000e-02	2.634000e-01	7.101000e-02
2.800000e+02	6.978000e-02	2.455000e-01	6.612000e-02
2.850000e+02	6.512000e-02	2.294000e-01	6.172000e-02
2.900000e+02	6.095000e-02	2.144000e-01	5.771000e-02
2.950000e+02	5.700000e-02	2.006000e-01	5.388000e-02
3.000000e+02	5.338000e-02	1.875000e-01	5.043000e-02
3.050000e+02	5.000000e-02	1.757000e-01	4.716000e-02
3.100000e+02	4.693000e-02	1.650000e-01	4.421000e-02
3.150000e+02	4.401000e-02	1.546000e-01	4.145000e-02
3.200000e+02	4.133000e-02	1.453000e-01	3.887000e-02
3.250000e+02	3.885000e-02	1.367000e-01	3.650000e-02
3.300000e+02	3.653000e-02	1.287000e-01	3.432000e-02
3.350000e+02	3.440000e-02	1.213000e-01	3.230000e-02
3.400000e+02	3.242000e-02	1.140000e-01	3.036000e-02
3.450000e+02	3.056000e-02	1.077000e-01	2.863000e-02
3.500000e+02	2.883000e-02	1.016000e-01	2.701000e-02
3.550000e+02	2.721000e-02	9.587000e-02	2.546000e-02
3.600000e+02	2.567000e-02	9.062000e-02	2.398000e-02
3.650000e+02	2.429000e-02	8.574000e-02	2.267000e-02
3.700000e+02	2.296000e-02	8.093000e-02	2.141000e-02
3.750000e+02	2.174000e-02	7.656000e-02	2.023000e-02
3.800000e+02	2.056000e-02	7.251000e-02	1.915000e-02
3.850000e+02	1.949000e-02	6.864000e-02	1.814000e-02
3.900000e+02	1.842000e-02	6.506000e-02	1.714000e-02
3.950000e+02	1.748000e-02	6.182000e-02	1.626000e-02
4.000000e+02	1.658000e-02	5.869000e-02	1.541000e-02
4.050000e+02	1.575000e-02	5.571000e-02	1.462000e-02
4.100000e+02	1.495000e-02	5.289000e-02	1.388000e-02
4.150000e+02	1.421000e-02	5.022000e-02	1.318000e-02
4.200000e+02	1.348000e-02	4.770000e-02	1.251000e-02
4.250000e+02	1.284000e-02	4.536000e-02	1.189000e-02
4.300000e+02	1.218000e-02	4.318000e-02	1.128000e-02
4.350000e+02	1.161000e-02	4.109000e-02	1.075000e-02
4.400000e+02	1.105000e-02	3.917000e-02	1.023000e-02
4.450000e+02	1.052000e-02	3.734000e-02	9.736000e-03
4.500000e+02	1.002000e-02	3.557000e-02	9.278000e-03
4.550000e+02	9.559000e-03	3.390000e-02	8.825000e-03
4.600000e+02	9.109000e-03	3.232000e-02	8.421000e-03
4.650000e+02	8.691000e-03	3.084000e-02	8.029000e-03
4.700000e+02	8.292000e-03	2.948000e-02	7.661000e-03
4.750000e+02	7.904000e-03	2.810000e-02	7.300000e-03
4.800000e+02	7.555000e-03	2.689000e-02	6.969000e-03
4.850000e+02	7.206000e-03	2.562000e-02	6.648000e-03
4.900000e+02	6.884000e-03	2.455000e-02	6.345000e-03
4.950000e+02	6.588000e-03	2.342000e-02	6.077000e-03
5.000000e+02	6.295000e-03	2.240000e-02	5.802000e-03
5.050000e+02	6.021000e-03	2.142000e-02	5.547000e-03
5.100000e+02	5.759000e-03	2.053000e-02	5.309000e-03
5.150000e+02	5.507000e-03	1.963000e-02	5.073000e-03
5.200000e+02	5.270000e-03	1.880000e-02	4.852000e-03
5.250000e+02	5.049000e-03	1.800000e-02	4.649000e-03
5.300000e+02	4.829000e-03	1.726000e-02	4.445000e-03
5.350000e+02	4.631000e-03	1.651000e-02	4.258000e-03
5.400000e+02	4.430000e-03	1.584000e-02	4.075000e-03
5.450000e+02	4.244000e-03	1.519000e-02	3.904000e-03
5.500000e+02	4.073000e-03	1.458000e-02	3.740000e-03
5.550000e+02	3.900000e-03	1.398000e-02	3.579000e-03
5.600000e+02	3.744000e-03	1.341000e-02	3.436000e-03
5.650000e+02	3.589000e-03	1.286000e-02	3.293000e-03
5.700000e+02	3.442000e-03	1.235000e-02	3.158000e-03
5.750000e+02	3.309000e-03	1.185000e-02	3.034000e-03
5.800000e+02	3.176000e-03	1.140000e-02	2.912000e-03
5.850000e+02	3.046000e-03	1.094000e-02	2.792000e-03
5.900000e+02	2.928000e-03	1.051000e-02	2.683000e-03
5.950000e+02	2.811000e-03	1.009000e-02	2.576000e-03
6.000000e+02	2.702000e-03	9.694000e-03	2.475000e-03
6.050000e+02	2.596000e-03	9.344000e-03	2.376000e-03
6.100000e+02	2.500000e-03	8.977000e-03	2.284000e-03
6.150000e+02	2.400000e-03	8.639000e-03	2.194000e-03
6.200000e+02	2.310000e-03	8.303000e-03	2.111000e-03
6.250000e+02	2.221000e-03	7.989000e-03	2.030000e-03
6.300000e+02	2.134000e-03	7.679000e-03	1.951000e-03
6.350000e+02	2.054000e-03	7.392000e-03	1.874000e-03
6.400000e+02	1.977000e-03	7.130000e-03	1.803000e-03
6.450000e+02	1.904000e-03	6.865000e-03	1.735000e-03
6.500000e+02	1.832000e-03	6.600000e-03	1.672000e-03
6.550000e+02	1.763000e-03	6.355000e-03	1.608000e-03
6.600000e+02	1.698000e-03	6.118000e-03	1.547000e-03
6.650000e+02	1.635000e-03	5.902000e-03	1.489000e-03
6.700000e+02	1.575000e-03	5.685000e-03	1.435000e-03
6.750000e+02	1.517000e-03	5.483000e-03	1.382000e-03
6.800000e+02	1.464000e-03	5.284000e-03	1.332000e-03
6.850000e+02	1.411000e-03	5.099000e-03	1.284000e-03
6.900000e+02	1.360000e-03	4.918000e-03	1.237000e-03
6.950000e+02	1.312000e-03	4.739000e-03	1.192000e-03
7.000000e+02	1.262000e-03	4.573000e-03	1.148000e-03
7.050000e+02	1.217000e-03	4.407000e-03	1.107000e-03
7.100000e+02	1.175000e-03	4.258000e-03	1.068000e-03
7.150000e+02	1.134000e-03	4.105000e-03	1.030000e-03
7.200000e+02	1.094000e-03	3.963000e-03	9.923000e-04
7.250000e+02	1.055000e-03	3.826000e-03	9.575000e-04
7.300000e+02	1.019000e-03	3.695000e-03	9.255000e-04
7.350000e+02	9.839000e-04	3.565000e-03	8.923000e-04
7.400000e+02	9.497000e-04	3.446000e-03	8.612000e-04
7.450000e+02	9.175000e-04	3.327000e-03	8.316000e-04
7.500000e+02	8.856000e-04	3.214000e-03	8.025000e-04
7.550000e+02	8.557000e-04	3.104000e-03	7.748000e-04
7.600000e+02	8.262000e-04	2.997000e-03	7.475000e-04
7.650000e+02	7.985000e-04	2.900000e-03	7.219000e-04
7.700000e+02	7.715000e-04	2.799000e-03	6.979000e-04
7.750000e+02	7.448000e-04	2.709000e-03	6.737000e-04
7.800000e+02	7.203000e-04	2.616000e-03	6.510000e-04
7.850000e+02	6.959000e-04	2.528000e-03	6.286000e-04
7.900000e+02	6.725000e-04	2.444000e-03	6.069000e-04
7.950000e+02	6.504000e-04	2.363000e-03	5.871000e-04
8.000000e+02	6.285000e-04	2.286000e-03	5.671000e-04
8.050000e+02	6.080000e-04	2.207000e-03	5.485000e-04
8.100000e+02	5.881000e-04	2.137000e-03	5.306000e-04
8.150000e+02	5.681000e-04	2.065000e-03	5.125000e-04
8.200000e+02	5.490000e-04	2.000000e-03	4.954000e-04
8.250000e+02	5.311000e-04	1.935000e-03	4.789000e-04
8.300000e+02	5.137000e-04	1.871000e-03	4.632000e-04
8.350000e+02	4.970000e-04	1.812000e-03	4.481000e-04
8.400000e+02	4.814000e-04	1.754000e-03	4.339000e-04
8.450000e+02	4.660000e-04	1.696000e-03	4.196000e-04
8.500000e+02	4.509000e-04	1.641000e-03	4.063000e-04
8.550000e+02	4.364000e-04	1.589000e-03	3.926000e-04
8.600000e+02	4.223000e-04	1.539000e-03	3.799000e-04
8.650000e+02	4.083000e-04	1.491000e-03	3.674000e-04
8.700000e+02	3.955000e-04	1.444000e-03	3.560000e-04
8.750000e+02	3.828000e-04	1.398000e-03	3.444000e-04
8.800000e+02	3.706000e-04	1.356000e-03	3.333000e-04
8.850000e+02	3.592000e-04	1.312000e-03	3.230000e-04
8.900000e+02	3.478000e-04	1.269000e-03	3.125000e-04
8.950000e+02	3.372000e-04	1.231000e-03	3.029000e-04
9.000000e+02	3.264000e-04	1.193000e-03	2.931000e-04
9.050000e+02	3.162000e-04	1.156000e-03	2.841000e-04
9.100000e+02	3.065000e-04	1.121000e-03	2.753000e-04
9.150000e+02	2.972000e-04	1.086000e-03	2.666000e-04
9.200000e+02	2.880000e-04	1.052000e-03	2.581000e-04
9.250000e+02	2.787000e-04	1.020000e-03	2.498000e-04
9.300000e+02	2.705000e-04	9.891000e-04	2.426000e-04
9.350000e+02	2.620000e-04	9.581000e-04	2.346000e-04
9.400000e+02	2.540000e-04	9.292000e-04	2.275000e-04
9.450000e+02	2.462000e-04	9.017000e-04	2.204000e-04
9.500000e+02	2.388000e-04	8.736000e-04	2.136000e-04
9.550000e+02	2.316000e-04	8.485000e-04	2.072000e-04
9.600000e+02	2.246000e-04	8.220000e-04	2.008000e-04
9.650000e+02	2.176000e-04	7.953000e-04	1.945000e-04
9.700000e+02	2.111000e-04	7.720000e-04	1.885000e-04
9.750000e+02	2.050000e-04	7.482000e-04	1.828000e-04
9.800000e+02	1.988000e-04	7.260000e-04	1.775000e-04
9.850000e+02	1.929000e-04	7.044000e-04	1.722000e-04
9.900000e+02	1.871000e-04	6.831000e-04	1.671000e-04
9.950000e+02	1.817000e-04	6.628000e-04	1.621000e-04
1.000000e+03	1.762000e-04	6.436000e-04	1.572000e-04
1.005000e+03	1.710000e-04	6.239000e-04	1.523000e-04
1.010000e+03	1.657000e-04	6.054000e-04	1.477000e-04
1.015000e+03	1.608000e-04	5.871000e-04	1.432000e-04
1.020000e+03	1.562000e-04	5.694000e-04	1.390000e-04
1.025000e+03	1.516000e-04	5.523000e-04	1.349000e-04
1.030000e+03	1.474000e-04	5.362000e-04	1.310000e-04
1.035000e+03	1.429000e-04	5.199000e-04	1.271000e-04
1.040000e+03	1.386000e-04	5.053000e-04	1.233000e-04
1.045000e+03	1.346000e-04	4.903000e-04	1.196000e-04
1.050000e+03	1.309000e-04	4.759000e-04	1.163000e-04
1.055000e+03	1.269000e-04	4.619000e-04	1.128000e-04
1.060000e+03	1.233000e-04	4.479000e-04	1.096000e-04
1.065000e+03	1.198000e-04	4.352000e-04	1.064000e-04
1.070000e+03	1.162000e-04	4.221000e-04	1.031000e-04
1.075000e+03	1.128000e-04	4.101000e-04	1.001000e-04
1.080000e+03	1.096000e-04	3.978000e-04	9.711000e-05
1.085000e+03	1.065000e-04	3.867000e-04	9.429000e-05
1.090000e+03	1.035000e-04	3.755000e-04	9.161000e-05
1.095000e+03	1.005000e-04	3.654000e-04	8.897000e-05
1.100000e+03	9.765000e-05	3.539000e-04	8.646000e-05
1.105000e+03	9.489000e-05	3.435000e-04	8.398000e-05
1.110000e+03	9.219000e-05	3.337000e-04	8.137000e-05
1.115000e+03	8.954000e-05	3.248000e-04	7.905000e-05
1.120000e+03	8.696000e-05	3.152000e-04	7.677000e-05
1.125000e+03	8.479000e-05	3.061000e-04	7.484000e-05
1.130000e+03	8.237000e-05	2.975000e-04	7.267000e-05
1.135000e+03	8.001000e-05	2.894000e-04	7.057000e-05
1.140000e+03	7.774000e-05	2.809000e-04	6.849000e-05
1.145000e+03	7.558000e-05	2.726000e-04	6.662000e-05
1.150000e+03	7.343000e-05	2.644000e-04	6.467000e-05
1.155000e+03	7.129000e-05	2.572000e-04	6.278000e-05
1.160000e+03	6.939000e-05	2.499000e-04	6.113000e-05
1.165000e+03	6.748000e-05	2.431000e-04	5.937000e-05
1.170000e+03	6.556000e-05	2.364000e-04	5.774000e-05
1.175000e+03	6.376000e-05	2.293000e-04	5.606000e-05
1.180000e+03	6.199000e-05	2.230000e-04	5.449000e-05
1.185000e+03	6.024000e-05	2.168000e-04	5.293000e-05
1.190000e+03	5.865000e-05	2.107000e-04	5.154000e-05
1.195000e+03	5.698000e-05	2.048000e-04	5.002000e-05
1.200000e+03	5.540000e-05	1.994000e-04	4.862000e-05
1.205000e+03	5.392000e-05	1.938000e-04	4.727000e-05
1.210000e+03	5.247000e-05	1.884000e-04	4.597000e-05
1.215000e+03	5.102000e-05	1.829000e-04	4.468000e-05
1.220000e+03	4.962000e-05	1.779000e-04	4.345000e-05
1.225000e+03	4.823000e-05	1.732000e-04	4.223000e-05
1.230000e+03	4.695000e-05	1.684000e-04	4.106000e-05
1.235000e+03	4.573000e-05	1.634000e-04	3.997000e-05
1.240000e+03	4.446000e-05	1.590000e-04	3.886000e-05
1.245000e+03	4.321000e-05	1.547000e-04	3.775000e-05
1.250000e+03	4.204000e-05	1.501000e-04	3.672000e-05
1.255000e+03	4.088000e-05	1.460000e-04	3.568000e-05
1.260000e+03	3.980000e-05	1.421000e-04	3.471000e-05
1.265000e+03	3.876000e-05	1.380000e-04	3.379000e-05
1.270000e+03	3.774000e-05	1.344000e-04	3.288000e-05
1.275000e+03	3.671000e-05	1.307000e-04	3.195000e-05
1.280000e+03	3.575000e-05	1.270000e-04	3.112000e-05
1.285000e+03	3.478000e-05	1.235000e-04	3.026000e-05
1.290000e+03	3.384000e-05	1.204000e-04	2.945000e-05
1.295000e+03	3.297000e-05	1.170000e-04	2.866000e-05
1.300000e+03	3.204000e-05	1.138000e-04	2.787000e-05
1.305000e+03	3.117000e-05	1.107000e-04	2.708000e-05
1.310000e+03	3.035000e-05	1.077000e-04	2.635000e-05
1.315000e+03	2.953000e-05	1.048000e-04	2.564000e-05
1.320000e+03	2.874000e-05	1.017000e-04	2.494000e-05
1.325000e+03	2.795000e-05	9.905000e-05	2.425000e-05
1.330000e+03	2.727000e-05	9.637000e-05	2.364000e-05
1.335000e+03	2.648000e-05	9.370000e-05	2.297000e-05
1.340000e+03	2.581000e-05	9.112000e-05	2.238000e-05
1.345000e+03	2.516000e-05	8.866000e-05	2.178000e-05
1.350000e+03	2.449000e-05	8.624000e-05	2.119000e-05
1.355000e+03	2.383000e-05	8.394000e-05	2.060000e-05
1.360000e+03	2.321000e-05	8.165000e-05	2.008000e-05
1.365000e+03	2.259000e-05	7.941000e-05	1.953000e-05
1.370000e+03	2.201000e-05	7.723000e-05	1.901000e-05
1.375000e+03	2.145000e-05	7.514000e-05	1.852000e-05
1.380000e+03	2.088000e-05	7.318000e-05	1.804000e-05
1.385000e+03	2.034000e-05	7.106000e-05	1.756000e-05
1.390000e+03	1.979000e-05	6.925000e-05	1.709000e-05
1.395000e+03	1.931000e-05	6.752000e-05	1.666000e-05
1.400000e+03	1.878000e-05	6.553000e-05	1.621000e-05
1.405000e+03	1.830000e-05	6.376000e-05	1.577000e-05
1.410000e+03	1.783000e-05	6.203000e-05	1.535000e-05
1.415000e+03	1.736000e-05	6.040000e-05	1.494000e-05
1.420000e+03	1.691000e-05	5.876000e-05	1.454000e-05
1.425000e+03	1.644000e-05	5.716000e-05	1.414000e-05
1.430000e+03	1.605000e-05	5.560000e-05	1.379000e-05
1.435000e+03	1.562000e-05	5.415000e-05	1.342000e-05
1.440000e+03	1.521000e-05	5.269000e-05	1.306000e-05
1.445000e+03	1.485000e-05	5.125000e-05	1.274000e-05
1.450000e+03	1.446000e-05	4.990000e-05	1.240000e-05
1.455000e+03	1.407000e-05	4.850000e-05	1.207000e-05
1.460000e+03	1.370000e-05	4.716000e-05	1.175000e-05
1.465000e+03	1.335000e-05	4.588000e-05	1.143000e-05
1.470000e+03	1.300000e-05	4.468000e-05	1.113000e-05
1.475000e+03	1.268000e-05	4.350000e-05	1.084000e-05
1.480000e+03	1.236000e-05	4.230000e-05	1.056000e-05
1.485000e+03	1.204000e-05	4.121000e-05	1.028000e-05
1.490000e+03	1.173000e-05	4.000000e-05	1.002000e-05
1.495000e+03	1.143000e-05	3.898000e-05	9.766000e-06
1.500000e+03	1.112000e-05	3.799000e-05	9.499000e-06
1.505000e+03	1.084000e-05	3.693000e-05	9.259000e-06
1.510000e+03	1.058000e-05	3.596000e-05	9.026000e-06
1.515000e+03	1.029000e-05	3.498000e-05	8.769000e-06
1.520000e+03	1.002000e-05	3.402000e-05	8.543000e-06
1.525000e+03	9.772000e-06	3.312000e-05	8.324000e-06
1.530000e+03	9.522000e-06	3.222000e-05	8.109000e-06
1.535000e+03	9.292000e-06	3.141000e-05	7.891000e-06
1.540000e+03	9.052000e-06	3.054000e-05	7.698000e-06
1.545000e+03	8.812000e-06	2.974000e-05	7.492000e-06
1.550000e+03	8.588000e-06	2.895000e-05	7.297000e-06
1.555000e+03	8.362000e-06	2.819000e-05	7.102000e-06
1.560000e+03	8.145000e-06	2.745000e-05	6.915000e-06
1.565000e+03	7.944000e-06	2.669000e-05	6.744000e-06
1.570000e+03	7.736000e-06	2.600000e-05	6.562000e-06
1.575000e+03	7.551000e-06	2.529000e-05	6.406000e-06
1.580000e+03	7.353000e-06	2.460000e-05	6.229000e-06
1.585000e+03	7.165000e-06	2.399000e-05	6.069000e-06
1.590000e+03	6.981000e-06	2.337000e-05	5.910000e-06
1.595000e+03	6.799000e-06	2.272000e-05	5.748000e-06
1.600000e+03	6.644000e-06	2.214000e-05	5.616000e-06
1.605000e+03	6.470000e-06	2.156000e-05	5.464000e-06
1.610000e+03	6.307000e-06	2.098000e-05	5.327000e-06
1.615000e+03	6.150000e-06	2.043000e-05	5.191000e-06
1.620000e+03	5.999000e-06	1.989000e-05	5.054000e-06
1.625000e+03	5.838000e-06	1.935000e-05	4.924000e-06
1.630000e+03	5.687000e-06	1.887000e-05	4.787000e-06
1.635000e+03	5.541000e-06	1.836000e-05	4.663000e-06
1.640000e+03	5.414000e-06	1.785000e-05	4.556000e-06
1.645000e+03	5.288000e-06	1.740000e-05	4.447000e-06
1.650000e+03	5.149000e-06	1.695000e-05	4.327000e-06
1.655000e+03	5.016000e-06	1.650000e-05	4.213000e-06
1.660000e+03	4.897000e-06	1.607000e-05	4.109000e-06
1.665000e+03	4.772000e-06	1.564000e-05	4.004000e-06
1.670000e+03	4.647000e-06	1.524000e-05	3.899000e-06
1.675000e+03	4.535000e-06	1.482000e-05	3.801000e-06
1.680000e+03	4.424000e-06	1.443000e-05	3.705000e-06
1.685000e+03	4.307000e-06	1.405000e-05	3.610000e-06
1.690000e+03	4.201000e-06	1.369000e-05	3.519000e-06
1.695000e+03	4.098000e-06	1.333000e-05	3.427000e-06
1.700000e+03	3.994000e-06	1.297000e-05	3.340000e-06
1.705000e+03	3.892000e-06	1.263000e-05	3.255000e-06
1.710000e+03	3.795000e-06	1.231000e-05	3.172000e-06
1.715000e+03	3.706000e-06	1.198000e-05	3.097000e-06
1.720000e+03	3.611000e-06	1.167000e-05	3.014000e-06
1.725000e+03	3.519000e-06	1.134000e-05	2.939000e-06
1.730000e+03	3.431000e-06	1.106000e-05	2.863000e-06
1.735000e+03	3.346000e-06	1.077000e-05	2.788000e-06
1.740000e+03	3.263000e-06	1.049000e-05	2.720000e-06
1.745000e+03	3.181000e-06	1.020000e-05	2.650000e-06
1.750000e+03	3.106000e-06	9.925000e-06	2.586000e-06
1.755000e+03	3.027000e-06	9.656000e-06	2.517000e-06
1.760000e+03	2.952000e-06	9.405000e-06	2.453000e-06
1.765000e+03	2.878000e-06	9.170000e-06	2.393000e-06
1.770000e+03	2.813000e-06	8.936000e-06	2.338000e-06
1.775000e+03	2.741000e-06	8.695000e-06	2.278000e-06
1.780000e+03	2.672000e-06	8.459000e-06	2.219000e-06
1.785000e+03	2.606000e-06	8.235000e-06	2.163000e-06
1.790000e+03	2.544000e-06	8.022000e-06	2.112000e-06
1.795000e+03	2.482000e-06	7.821000e-06	2.059000e-06
1.800000e+03	2.422000e-06	7.617000e-06	2.009000e-06
1.805000e+03	2.362000e-06	7.406000e-06	1.957000e-06
1.810000e+03	2.304000e-06	7.216000e-06	1.907000e-06
1.815000e+03	2.247000e-06	7.029000e-06	1.860000e-06
1.820000e+03	2.192000e-06	6.842000e-06	1.816000e-06
1.825000e+03	2.137000e-06	6.664000e-06	1.769000e-06
1.830000e+03	2.084000e-06	6.485000e-06	1.724000e-06
1.835000e+03	2.033000e-06	6.314000e-06	1.681000e-06
1.840000e+03	1.980000e-06	6.148000e-06	1.635000e-06
1.845000e+03	1.932000e-06	5.998000e-06	1.595000e-06
1.850000e+03	1.883000e-06	5.828000e-06	1.554000e-06
1.855000e+03	1.836000e-06	5.676000e-06	1.516000e-06
1.860000e+03	1.790000e-06	5.526000e-06	1.476000e-06
1.865000e+03	1.747000e-06	5.397000e-06	1.440000e-06
1.870000e+03	1.705000e-06	5.251000e-06	1.405000e-06
1.875000e+03	1.664000e-06	5.113000e-06	1.370000e-06
1.880000e+03	1.622000e-06	4.976000e-06	1.335000e-06
1.885000e+03	1.580000e-06	4.849000e-06	1.299000e-06
1.890000e+03	1.540000e-06	4.715000e-06	1.265000e-06
1.895000e+03	1.502000e-06	4.592000e-06	1.234000e-06
1.900000e+03	1.465000e-06	4.474000e-06	1.203000e-06
1.905000e+03	1.431000e-06	4.358000e-06	1.175000e-06
1.910000e+03	1.396000e-06	4.243000e-06	1.146000e-06
1.915000e+03	1.362000e-06	4.133000e-06	1.118000e-06
1.920000e+03	1.329000e-06	4.027000e-06	1.090000e-06
1.925000e+03	1.294000e-06	3.930000e-06	1.061000e-06
1.930000e+03	1.262000e-06	3.821000e-06	1.034000e-06
1.935000e+03	1.229000e-06	3.725000e-06	1.006000e-06
1.940000e+03	1.200000e-06	3.622000e-06	9.823000e-07
1.945000e+03	1.171000e-06	3.531000e-06	9.576000e-07
1.950000e+03	1.143000e-06	3.436000e-06	9.353000e-07
1.955000e+03	1.116000e-06	3.344000e-06	9.117000e-07
1.960000e+03	1.088000e-06	3.258000e-06	8.893000e-07
1.965000e+03	1.061000e-06	3.170000e-06	8.663000e-07
1.970000e+03	1.035000e-06	3.092000e-06	8.448000e-07
1.975000e+03	1.010000e-06	3.005000e-06	8.230000e-07
1.980000e+03	9.836000e-07	2.931000e-06	8.019000e-07
1.985000e+03	9.598000e-07	2.852000e-06	7.819000e-07
1.990000e+03	9.351000e-07	2.778000e-06	7.618000e-07
1.995000e+03	9.133000e-07	2.702000e-06	7.437000e-07
2.000000e+03	8.889000e-07	2.628000e-06	7.243000e-07
