###########################################################################
# Singlet VLL pair-production cross sections at 13 TeV LHC                #
###########################################################################
# Computed at next-to-leading order in QCD using MadGraph5_aMC@NLO v3.6.4 #
# with default settings:                                                  #
#  - Parton distribution functions: NNPDF2.3 set (pdlabel=nn23nlo)        #
#  - Renormalization and factorization scales: dynamic                    #
#       (fixed_ren_scale=False, fixed_fac_scale=False)                    #
###########################################################################
# Mass [GeV]    taup taup [pb]                                            #
###########################################################################
1.000000e+02	1.169000e+00
1.050000e+02	9.895000e-01
1.100000e+02	8.438000e-01
1.150000e+02	7.260000e-01
1.200000e+02	6.268000e-01
1.250000e+02	5.439000e-01
1.300000e+02	4.756000e-01
1.350000e+02	4.182000e-01
1.400000e+02	3.688000e-01
1.450000e+02	3.259000e-01
1.500000e+02	2.898000e-01
1.550000e+02	2.580000e-01
1.600000e+02	2.313000e-01
1.650000e+02	2.075000e-01
1.700000e+02	1.866000e-01
1.750000e+02	1.683000e-01
1.800000e+02	1.522000e-01
1.850000e+02	1.380000e-01
1.900000e+02	1.255000e-01
1.950000e+02	1.145000e-01
2.000000e+02	1.046000e-01
2.050000e+02	9.561000e-02
2.100000e+02	8.755000e-02
2.150000e+02	8.045000e-02
2.200000e+02	7.386000e-02
2.250000e+02	6.814000e-02
2.300000e+02	6.270000e-02
2.350000e+02	5.794000e-02
2.400000e+02	5.356000e-02
2.450000e+02	4.962000e-02
2.500000e+02	4.599000e-02
2.550000e+02	4.270000e-02
2.600000e+02	3.967000e-02
2.650000e+02	3.694000e-02
2.700000e+02	3.437000e-02
2.750000e+02	3.206000e-02
2.800000e+02	2.993000e-02
2.850000e+02	2.795000e-02
2.900000e+02	2.617000e-02
2.950000e+02	2.450000e-02
3.000000e+02	2.294000e-02
3.050000e+02	2.151000e-02
3.100000e+02	2.018000e-02
3.150000e+02	1.895000e-02
3.200000e+02	1.781000e-02
3.250000e+02	1.675000e-02
3.300000e+02	1.575000e-02
3.350000e+02	1.484000e-02
3.400000e+02	1.399000e-02
3.450000e+02	1.318000e-02
3.500000e+02	1.245000e-02
3.550000e+02	1.176000e-02
3.600000e+02	1.110000e-02
3.650000e+02	1.050000e-02
3.700000e+02	9.935000e-03
3.750000e+02	9.411000e-03
3.800000e+02	8.899000e-03
3.850000e+02	8.434000e-03
3.900000e+02	7.985000e-03
3.950000e+02	7.572000e-03
4.000000e+02	7.188000e-03
4.050000e+02	6.827000e-03
4.100000e+02	6.480000e-03
4.150000e+02	6.160000e-03
4.200000e+02	5.853000e-03
4.250000e+02	5.564000e-03
4.300000e+02	5.288000e-03
4.350000e+02	5.041000e-03
4.400000e+02	4.797000e-03
4.450000e+02	4.569000e-03
4.500000e+02	4.359000e-03
4.550000e+02	4.156000e-03
4.600000e+02	3.961000e-03
4.650000e+02	3.780000e-03
4.700000e+02	3.608000e-03
4.750000e+02	3.440000e-03
4.800000e+02	3.288000e-03
4.850000e+02	3.138000e-03
4.900000e+02	3.001000e-03
4.950000e+02	2.872000e-03
5.000000e+02	2.745000e-03
5.050000e+02	2.625000e-03
5.100000e+02	2.512000e-03
5.150000e+02	2.401000e-03
5.200000e+02	2.300000e-03
5.250000e+02	2.203000e-03
5.300000e+02	2.108000e-03
5.350000e+02	2.023000e-03
5.400000e+02	1.934000e-03
5.450000e+02	1.853000e-03
5.500000e+02	1.779000e-03
5.550000e+02	1.704000e-03
5.600000e+02	1.636000e-03
5.650000e+02	1.569000e-03
5.700000e+02	1.505000e-03
5.750000e+02	1.447000e-03
5.800000e+02	1.390000e-03
5.850000e+02	1.332000e-03
5.900000e+02	1.280000e-03
5.950000e+02	1.231000e-03
6.000000e+02	1.183000e-03
6.050000e+02	1.136000e-03
6.100000e+02	1.095000e-03
6.150000e+02	1.052000e-03
6.200000e+02	1.013000e-03
6.250000e+02	9.733000e-04
6.300000e+02	9.360000e-04
6.350000e+02	9.006000e-04
6.400000e+02	8.673000e-04
6.450000e+02	8.356000e-04
6.500000e+02	8.038000e-04
6.550000e+02	7.737000e-04
6.600000e+02	7.455000e-04
6.650000e+02	7.179000e-04
6.700000e+02	6.918000e-04
6.750000e+02	6.662000e-04
6.800000e+02	6.433000e-04
6.850000e+02	6.199000e-04
6.900000e+02	5.978000e-04
6.950000e+02	5.767000e-04
7.000000e+02	5.551000e-04
7.050000e+02	5.354000e-04
7.100000e+02	5.171000e-04
7.150000e+02	4.992000e-04
7.200000e+02	4.813000e-04
7.250000e+02	4.646000e-04
7.300000e+02	4.485000e-04
7.350000e+02	4.332000e-04
7.400000e+02	4.184000e-04
7.450000e+02	4.042000e-04
7.500000e+02	3.901000e-04
7.550000e+02	3.772000e-04
7.600000e+02	3.639000e-04
7.650000e+02	3.520000e-04
7.700000e+02	3.402000e-04
7.750000e+02	3.285000e-04
7.800000e+02	3.178000e-04
7.850000e+02	3.071000e-04
7.900000e+02	2.969000e-04
7.950000e+02	2.871000e-04
8.000000e+02	2.774000e-04
8.050000e+02	2.686000e-04
8.100000e+02	2.598000e-04
8.150000e+02	2.509000e-04
8.200000e+02	2.426000e-04
8.250000e+02	2.348000e-04
8.300000e+02	2.272000e-04
8.350000e+02	2.197000e-04
8.400000e+02	2.129000e-04
8.450000e+02	2.062000e-04
8.500000e+02	1.995000e-04
8.550000e+02	1.931000e-04
8.600000e+02	1.867000e-04
8.650000e+02	1.806000e-04
8.700000e+02	1.752000e-04
8.750000e+02	1.695000e-04
8.800000e+02	1.641000e-04
8.850000e+02	1.592000e-04
8.900000e+02	1.541000e-04
8.950000e+02	1.495000e-04
9.000000e+02	1.447000e-04
9.050000e+02	1.403000e-04
9.100000e+02	1.360000e-04
9.150000e+02	1.319000e-04
9.200000e+02	1.278000e-04
9.250000e+02	1.237000e-04
9.300000e+02	1.201000e-04
9.350000e+02	1.163000e-04
9.400000e+02	1.128000e-04
9.450000e+02	1.094000e-04
9.500000e+02	1.061000e-04
9.550000e+02	1.030000e-04
9.600000e+02	9.986000e-05
9.650000e+02	9.674000e-05
9.700000e+02	9.386000e-05
9.750000e+02	9.121000e-05
9.800000e+02	8.849000e-05
9.850000e+02	8.586000e-05
9.900000e+02	8.329000e-05
9.950000e+02	8.090000e-05
1.000000e+03	7.844000e-05
