###########################################################################
# Singlet VLL pair-production cross sections at 13.6 TeV LHC              #
###########################################################################
# Computed at next-to-leading order in QCD using MadGraph5_aMC@NLO v3.6.4 #
# with default settings:                                                  #
#  - Parton distribution functions: NNPDF2.3 set (pdlabel=nn23nlo)        #
#  - Renormalization and factorization scales: dynamic                    #
#       (fixed_ren_scale=False, fixed_fac_scale=False)                    #
###########################################################################
# Mass [GeV]    taup taup [pb]                                            #
###########################################################################
1.000000e+02	1.240000e+00
1.050000e+02	1.049000e+00
1.100000e+02	8.957000e-01
1.150000e+02	7.696000e-01
1.200000e+02	6.667000e-01
1.250000e+02	5.788000e-01
1.300000e+02	5.061000e-01
1.350000e+02	4.446000e-01
1.400000e+02	3.928000e-01
1.450000e+02	3.479000e-01
1.500000e+02	3.088000e-01
1.550000e+02	2.758000e-01
1.600000e+02	2.467000e-01
1.650000e+02	2.216000e-01
1.700000e+02	1.996000e-01
1.750000e+02	1.805000e-01
1.800000e+02	1.632000e-01
1.850000e+02	1.479000e-01
1.900000e+02	1.344000e-01
1.950000e+02	1.226000e-01
2.000000e+02	1.119000e-01
2.050000e+02	1.026000e-01
2.100000e+02	9.401000e-02
2.150000e+02	8.627000e-02
2.200000e+02	7.934000e-02
2.250000e+02	7.325000e-02
2.300000e+02	6.747000e-02
2.350000e+02	6.235000e-02
2.400000e+02	5.769000e-02
2.450000e+02	5.344000e-02
2.500000e+02	4.958000e-02
2.550000e+02	4.612000e-02
2.600000e+02	4.286000e-02
2.650000e+02	3.988000e-02
2.700000e+02	3.720000e-02
2.750000e+02	3.471000e-02
2.800000e+02	3.239000e-02
2.850000e+02	3.028000e-02
2.900000e+02	2.833000e-02
2.950000e+02	2.652000e-02
3.000000e+02	2.487000e-02
3.050000e+02	2.335000e-02
3.100000e+02	2.192000e-02
3.150000e+02	2.062000e-02
3.200000e+02	1.936000e-02
3.250000e+02	1.824000e-02
3.300000e+02	1.717000e-02
3.350000e+02	1.618000e-02
3.400000e+02	1.524000e-02
3.450000e+02	1.439000e-02
3.500000e+02	1.358000e-02
3.550000e+02	1.284000e-02
3.600000e+02	1.212000e-02
3.650000e+02	1.149000e-02
3.700000e+02	1.086000e-02
3.750000e+02	1.027000e-02
3.800000e+02	9.741000e-03
3.850000e+02	9.240000e-03
3.900000e+02	8.765000e-03
3.950000e+02	8.319000e-03
4.000000e+02	7.897000e-03
4.050000e+02	7.497000e-03
4.100000e+02	7.127000e-03
4.150000e+02	6.771000e-03
4.200000e+02	6.442000e-03
4.250000e+02	6.136000e-03
4.300000e+02	5.833000e-03
4.350000e+02	5.565000e-03
4.400000e+02	5.295000e-03
4.450000e+02	5.044000e-03
4.500000e+02	4.811000e-03
4.550000e+02	4.589000e-03
4.600000e+02	4.387000e-03
4.650000e+02	4.179000e-03
4.700000e+02	3.995000e-03
4.750000e+02	3.812000e-03
4.800000e+02	3.644000e-03
4.850000e+02	3.483000e-03
4.900000e+02	3.331000e-03
4.950000e+02	3.185000e-03
5.000000e+02	3.045000e-03
5.050000e+02	2.917000e-03
5.100000e+02	2.790000e-03
5.150000e+02	2.676000e-03
5.200000e+02	2.565000e-03
5.250000e+02	2.456000e-03
5.300000e+02	2.354000e-03
5.350000e+02	2.257000e-03
5.400000e+02	2.163000e-03
5.450000e+02	2.076000e-03
5.500000e+02	1.990000e-03
5.550000e+02	1.909000e-03
5.600000e+02	1.832000e-03
5.650000e+02	1.758000e-03
5.700000e+02	1.688000e-03
5.750000e+02	1.622000e-03
5.800000e+02	1.558000e-03
5.850000e+02	1.498000e-03
5.900000e+02	1.439000e-03
5.950000e+02	1.383000e-03
6.000000e+02	1.331000e-03
6.050000e+02	1.280000e-03
6.100000e+02	1.232000e-03
6.150000e+02	1.184000e-03
6.200000e+02	1.140000e-03
6.250000e+02	1.099000e-03
6.300000e+02	1.057000e-03
6.350000e+02	1.018000e-03
6.400000e+02	9.806000e-04
6.450000e+02	9.437000e-04
6.500000e+02	9.101000e-04
6.550000e+02	8.771000e-04
6.600000e+02	8.449000e-04
6.650000e+02	8.140000e-04
6.700000e+02	7.855000e-04
6.750000e+02	7.579000e-04
6.800000e+02	7.301000e-04
6.850000e+02	7.045000e-04
6.900000e+02	6.795000e-04
6.950000e+02	6.554000e-04
7.000000e+02	6.327000e-04
7.050000e+02	6.105000e-04
7.100000e+02	5.897000e-04
7.150000e+02	5.696000e-04
7.200000e+02	5.497000e-04
7.250000e+02	5.312000e-04
7.300000e+02	5.121000e-04
7.350000e+02	4.952000e-04
7.400000e+02	4.786000e-04
7.450000e+02	4.626000e-04
7.500000e+02	4.472000e-04
7.550000e+02	4.320000e-04
7.600000e+02	4.175000e-04
7.650000e+02	4.040000e-04
7.700000e+02	3.910000e-04
7.750000e+02	3.778000e-04
7.800000e+02	3.658000e-04
7.850000e+02	3.534000e-04
7.900000e+02	3.422000e-04
7.950000e+02	3.308000e-04
8.000000e+02	3.203000e-04
8.050000e+02	3.101000e-04
8.100000e+02	3.002000e-04
8.150000e+02	2.906000e-04
8.200000e+02	2.811000e-04
8.250000e+02	2.719000e-04
8.300000e+02	2.636000e-04
8.350000e+02	2.553000e-04
8.400000e+02	2.472000e-04
8.450000e+02	2.396000e-04
8.500000e+02	2.318000e-04
8.550000e+02	2.244000e-04
8.600000e+02	2.175000e-04
8.650000e+02	2.106000e-04
8.700000e+02	2.040000e-04
8.750000e+02	1.978000e-04
8.800000e+02	1.917000e-04
8.850000e+02	1.859000e-04
8.900000e+02	1.803000e-04
8.950000e+02	1.747000e-04
9.000000e+02	1.692000e-04
9.050000e+02	1.641000e-04
9.100000e+02	1.591000e-04
9.150000e+02	1.543000e-04
9.200000e+02	1.497000e-04
9.250000e+02	1.452000e-04
9.300000e+02	1.409000e-04
9.350000e+02	1.368000e-04
9.400000e+02	1.326000e-04
9.450000e+02	1.286000e-04
9.500000e+02	1.248000e-04
9.550000e+02	1.212000e-04
9.600000e+02	1.177000e-04
9.650000e+02	1.141000e-04
9.700000e+02	1.108000e-04
9.750000e+02	1.077000e-04
9.800000e+02	1.046000e-04
9.850000e+02	1.014000e-04
9.900000e+02	9.853000e-05
9.950000e+02	9.564000e-05
1.000000e+03	9.290000e-05
